[gd_scene load_steps=12 format=2]

[ext_resource path="res://Assets/Maps/DM1/DM1.glb" type="PackedScene" id=1]
[ext_resource path="res://Assets/Maps/DM1/DM1.lmbake" type="BakedLightmapData" id=2]
[ext_resource path="res://Assets/Maps/Materials/ConcreteBase.tres" type="Material" id=3]
[ext_resource path="res://Assets/Maps/Materials/ConcreteWall.tres" type="Material" id=4]
[ext_resource path="res://Assets/Maps/Materials/MetalGrating.tres" type="Material" id=5]
[ext_resource path="res://Assets/Maps/Materials/MetalPanel.tres" type="Material" id=6]
[ext_resource path="res://Assets/Maps/Materials/DecorationLight01.tres" type="Material" id=7]
[ext_resource path="res://Assets/Maps/Materials/SetA/Metal/Metal_Floor_01/Metal_Floor_01.tres" type="Material" id=8]
[ext_resource path="res://LevelComponents/SpawnPoint.tscn" type="PackedScene" id=9]

[sub_resource type="ProceduralSky" id=1]

[sub_resource type="Environment" id=2]
background_mode = 2
background_sky = SubResource( 1 )
ss_reflections_max_steps = 256
ss_reflections_fade_in = 0.14489
ss_reflections_fade_out = 1.10957
glow_enabled = true

[node name="Level" type="Spatial"]

[node name="SpawnPoint" parent="." instance=ExtResource( 9 )]
transform = Transform( 0.258819, 0, 0.965926, 0, 1, 0, -0.965926, 0, 0.258819, 2, 10, 18 )

[node name="WorldEnvironment" type="WorldEnvironment" parent="."]
environment = SubResource( 2 )

[node name="BakedLightmap" type="BakedLightmap" parent="."]
transform = Transform( 1, 0, 0, 0, 1, 0, 0, 0, 1, 8, 13, 0 )
extents = Vector3( 31, 15, 23 )
quality = 0
bounces = 1
default_texels_per_unit = 4.0
environment_mode = 1
capture_quality = 0
light_data = ExtResource( 2 )

[node name="SpawnPoints" type="Spatial" parent="."]
__meta__ = {
"_edit_lock_": true
}

[node name="SpawnPoint2" parent="SpawnPoints" instance=ExtResource( 9 )]
transform = Transform( 0.258819, 0, 0.965926, 0, 1, 0, -0.965926, 0, 0.258819, 3, 10, -18 )

[node name="SpawnPoint3" parent="SpawnPoints" instance=ExtResource( 9 )]
transform = Transform( 0.258819, 0, 0.965926, 0, 1, 0, -0.965926, 0, 0.258819, -17, 17, 0 )

[node name="SpawnPoint4" parent="SpawnPoints" instance=ExtResource( 9 )]
transform = Transform( -0.258819, 0, -0.965926, 0, 1, 0, 0.965926, 0, -0.258819, 31, 3, 0 )

[node name="DM1" parent="." instance=ExtResource( 1 )]

[node name="Block " parent="DM1" index="0"]
material/0 = ExtResource( 3 )
material/1 = ExtResource( 4 )
material/2 = ExtResource( 7 )
material/3 = ExtResource( 6 )
material/4 = ExtResource( 5 )
material/5 = ExtResource( 8 )

[node name="ReflectionProbes" type="Spatial" parent="."]
__meta__ = {
"_edit_lock_": true
}

[node name="ReflectionProbe" type="ReflectionProbe" parent="ReflectionProbes"]
transform = Transform( 1, 0, 0, 0, 1, 0, 0, 0, 1, 25, 14, 0 )
extents = Vector3( 15, 14, 22 )
box_projection = true

[node name="ReflectionProbe5" type="ReflectionProbe" parent="ReflectionProbes"]
transform = Transform( 0.965926, 0.258819, 0, -0.258819, 0.965926, 0, 0, 0, 1, 12, 7, -20 )
extents = Vector3( 11, 3, 3 )
box_projection = true

[node name="ReflectionProbe2" type="ReflectionProbe" parent="ReflectionProbes"]
transform = Transform( 1, 0, 0, 0, 1, 0, 0, 0, 1, 8, 14, 0 )
extents = Vector3( 15, 14, 17 )
box_projection = true

[node name="ReflectionProbe4" type="ReflectionProbe" parent="ReflectionProbes"]
transform = Transform( 1, 0, 0, 0, 1, 0, 0, 0, 1, 8, 14, 0 )
extents = Vector3( 15, 14, 17 )
box_projection = true

[node name="ReflectionProbe3" type="ReflectionProbe" parent="ReflectionProbes"]
transform = Transform( 1, 0, 0, 0, 1, 0, 0, 0, 1, -9, 14, 0 )
extents = Vector3( 11, 14, 22 )
box_projection = true

[node name="Lights" type="Spatial" parent="."]
__meta__ = {
"_edit_lock_": true
}

[node name="BlueDecoration" type="SpotLight" parent="Lights"]
transform = Transform( -4.37114e-08, 0, 1, 0, 1, 0, -1, 0, -4.37114e-08, 32.8, 14.4, 0 )
light_color = Color( 0.294118, 0.900735, 1, 1 )
light_energy = 1.5
light_bake_mode = 2
shadow_bias = 0.05
spot_range = 36.0
spot_angle = 78.3316

[node name="SpotLight" type="SpotLight" parent="Lights"]
transform = Transform( 1, 0, 0, 0, -4.37114e-08, 1, 0, -1, -4.37114e-08, 0, 6.6, 9 )
light_bake_mode = 2
spot_range = 16.0
spot_angle = 57.198

[node name="SpotLight2" type="SpotLight" parent="Lights"]
transform = Transform( 1, 0, 0, 0, -4.37114e-08, 1, 0, -1, -4.37114e-08, 0, 6.6, -9 )
light_bake_mode = 2
spot_range = 16.0
spot_angle = 57.198

[node name="SpotLight3" type="SpotLight" parent="Lights"]
transform = Transform( 1, 0, 0, 0, -4.37114e-08, 1, 0, -1, -4.37114e-08, -18, 13.6, 0 )
light_bake_mode = 2
spot_range = 24.0
spot_angle = 57.198

[node name="SpotLight4" type="SpotLight" parent="Lights"]
transform = Transform( 1, 0, 0, 0, -4.37114e-08, 1, 0, -1, -4.37114e-08, 14, 2.87753, 0 )
light_color = Color( 0.929412, 0.898039, 0.831373, 1 )
light_energy = 2.0
light_bake_mode = 2
spot_range = 24.0
spot_angle = 57.198

[node name="SpotLight5" type="SpotLight" parent="Lights"]
transform = Transform( -1, 0, 1.19209e-07, 8.42937e-08, 0.707107, 0.707107, -8.42937e-08, 0.707107, -0.707107, 2, 13, 18 )
light_color = Color( 0.905882, 0.854902, 0.752941, 1 )
light_bake_mode = 2
spot_range = 38.0
spot_angle = 63.7888

[editable path="DM1"]
